  -1.1199850463867188e+02
  -1.1172395324707031e+02
  -1.1144454193115234e+02
  -1.1116522216796875e+02
  -1.1088193511962891e+02
  -1.1060326385498047e+02
  -1.1032529449462891e+02
  -1.1004365539550781e+02
  -1.0976469421386719e+02
  -1.0948447418212891e+02
  -1.0919892120361328e+02
  -1.0892208862304688e+02
  -1.0864362335205078e+02
  -1.0836302947998047e+02
  -1.0807671356201172e+02
  -1.0779990386962891e+02
  -1.0752243804931641e+02
  -1.0724143981933594e+02
  -1.0695497894287109e+02
  -1.0668355560302734e+02
  -1.0640357971191406e+02
  -1.0612107849121094e+02
  -1.0584228515625000e+02
  -1.0556001281738281e+02
  -1.0528364562988281e+02
  -1.0500233459472656e+02
  -1.0472371673583984e+02
  -1.0443725585937500e+02
  -1.0416050720214844e+02
  -1.0388247680664062e+02
  -1.0360379028320312e+02
  -1.0332369995117188e+02
  -1.0304418182373047e+02
  -1.0276425170898438e+02
  -1.0248253631591797e+02
  -1.0219645690917969e+02
  -1.0192214202880859e+02
  -1.0164498901367188e+02
  -1.0135567474365234e+02
  -1.0108031463623047e+02
  -1.0080183410644531e+02
  -1.0051578521728516e+02
  -1.0024280548095703e+02
  -9.9962722778320312e+01
  -9.9681686401367188e+01
  -9.9402702331542969e+01
  -9.9124511718750000e+01
  -9.8842460632324219e+01
  -9.8562385559082031e+01
  -9.8284706115722656e+01
  -9.8002670288085938e+01
  -9.7722846984863281e+01
  -9.7435661315917969e+01
  -9.7165367126464844e+01
  -9.6875251770019531e+01
  -9.6604133605957031e+01
  -9.6322402954101562e+01
  -9.6034614562988281e+01
  -9.5765136718750000e+01
  -9.5483299255371094e+01
  -9.5201576232910156e+01
  -9.4922592163085938e+01
  -9.4643638610839844e+01
  -9.4363265991210938e+01
  -9.4082267761230469e+01
  -9.3803543090820312e+01
  -9.3517730712890625e+01
  -9.3243507385253906e+01
  -9.2962944030761719e+01
  -9.2685348510742188e+01
  -9.2400459289550781e+01
  -9.2124389648437500e+01
  -9.1843284606933594e+01
  -9.1562911987304688e+01
  -9.1277252197265625e+01
  -9.1004486083984375e+01
  -9.0723182678222656e+01
  -9.0442855834960938e+01
  -9.0161880493164062e+01
  -8.9883636474609375e+01
  -8.9596298217773438e+01
  -8.9316886901855469e+01
  -8.9045425415039062e+01
  -8.8764198303222656e+01
  -8.8484695434570312e+01
  -8.8204139709472656e+01
  -8.7923637390136719e+01
  -8.7643806457519531e+01
  -8.7365249633789062e+01
  -8.7084281921386719e+01
  -8.6802307128906250e+01
  -8.6522315979003906e+01
  -8.6236198425292969e+01
  -8.5963066101074219e+01
  -8.5683441162109375e+01
  -8.5395339965820312e+01
  -8.5124732971191406e+01
  -8.4842697143554688e+01
  -8.4561691284179688e+01
  -8.4283950805664062e+01
  -8.4003402709960938e+01
  -8.3722373962402344e+01
  -8.3443504333496094e+01
  -8.3161865234375000e+01
  -8.2882751464843750e+01
  -8.2603065490722656e+01
  -8.2323173522949219e+01
  -8.2035903930664062e+01
  -8.1763832092285156e+01
  -8.1483207702636719e+01
  -8.1205467224121094e+01
  -8.0922225952148438e+01
  -8.0639381408691406e+01
  -8.0362113952636719e+01
  -8.0079010009765625e+01
  -7.9801849365234375e+01
  -7.9517829895019531e+01
  -7.9242752075195312e+01
  -7.8961639404296875e+01
  -7.8683242797851562e+01
  -7.8402488708496094e+01
  -7.8117958068847656e+01
  -7.7842376708984375e+01
  -7.7565139770507812e+01
  -7.7281723022460938e+01
  -7.7003929138183594e+01
  -7.6724418640136719e+01
  -7.6443588256835938e+01
  -7.6160659790039062e+01
  -7.5884765625000000e+01
  -7.5600570678710938e+01
  -7.5325210571289062e+01
  -7.5045204162597656e+01
  -7.4763404846191406e+01
  -7.4481246948242188e+01
  -7.4203620910644531e+01
  -7.3923530578613281e+01
  -7.3636772155761719e+01
  -7.3363441467285156e+01
  -7.3083930969238281e+01
  -7.2805145263671875e+01
  -7.2524826049804688e+01
  -7.2242759704589844e+01
  -7.1962440490722656e+01
  -7.1678321838378906e+01
  -7.1405067443847656e+01
  -7.1121719360351562e+01
  -7.0842758178710938e+01
  -7.0561477661132812e+01
  -7.0285308837890625e+01
  -7.0003837585449219e+01
  -6.9724464416503906e+01
  -6.9445022583007812e+01
  -6.9155380249023438e+01
  -6.8884353637695312e+01
  -6.8602851867675781e+01
  -6.8321807861328125e+01
  -6.8035346984863281e+01
  -6.7764617919921875e+01
  -6.7482650756835938e+01
  -6.7202636718750000e+01
  -6.6914718627929688e+01
  -6.6643409729003906e+01
  -6.6361488342285156e+01
  -6.6077796936035156e+01
  -6.5801918029785156e+01
  -6.5523742675781250e+01
  -6.5244628906250000e+01
  -6.4962448120117188e+01
  -6.4681846618652344e+01
  -6.4398361206054688e+01
  -6.4122726440429688e+01
  -6.3845142364501953e+01
  -6.3561630249023438e+01
  -6.3281379699707031e+01
  -6.3004016876220703e+01
  -6.2725563049316406e+01
  -6.2443859100341797e+01
  -6.2163608551025391e+01
  -6.1882148742675781e+01
  -6.1597434997558594e+01
  -6.1321678161621094e+01
  -6.1041893005371094e+01
  -6.0763870239257812e+01
  -6.0482891082763672e+01
  -6.0203338623046875e+01
  -5.9916004180908203e+01
  -5.9644744873046875e+01
  -5.9362880706787109e+01
  -5.9081886291503906e+01
  -5.8801864624023438e+01
  -5.8523521423339844e+01
  -5.8236022949218750e+01
  -5.7965213775634766e+01
  -5.7682456970214844e+01
  -5.7403598785400391e+01
  -5.7123424530029297e+01
  -5.6841991424560547e+01
  -5.6560718536376953e+01
  -5.6282211303710938e+01
  -5.5997467041015625e+01
  -5.5722053527832031e+01
  -5.5445205688476562e+01
  -5.5161628723144531e+01
  -5.4877090454101562e+01
  -5.4604225158691406e+01
  -5.4322437286376953e+01
  -5.4041988372802734e+01
  -5.3763442993164062e+01
  -5.3483123779296875e+01
  -5.3201091766357422e+01
  -5.2924724578857422e+01
  -5.2645042419433594e+01
  -5.2358692169189453e+01
  -5.2085899353027344e+01
  -5.1796371459960938e+01
  -5.1521118164062500e+01
  -5.1237155914306641e+01
  -5.0960407257080078e+01
  -5.0682891845703125e+01
  -5.0403263092041016e+01
  -5.0122039794921875e+01
  -4.9843406677246094e+01
  -4.9566390991210938e+01
  -4.9283828735351562e+01
  -4.8995796203613281e+01
  -4.8724128723144531e+01
  -4.8443756103515625e+01
  -4.8160438537597656e+01
  -4.7877792358398438e+01
  -4.7603507995605469e+01
  -4.7321468353271484e+01
  -4.7041828155517578e+01
  -4.6762542724609375e+01
  -4.6484706878662109e+01
  -4.6205200195312500e+01
  -4.5924102783203125e+01
  -4.5643135070800781e+01
  -4.5363075256347656e+01
  -4.5084285736083984e+01
  -4.4802089691162109e+01
  -4.4515789031982422e+01
  -4.4241653442382812e+01
  -4.3963161468505859e+01
  -4.3685073852539062e+01
  -4.3397102355957031e+01
  -4.3121829986572266e+01
  -4.2841354370117188e+01
  -4.2563018798828125e+01
  -4.2281284332275391e+01
  -4.2003822326660156e+01
  -4.1716884613037109e+01
  -4.1443557739257812e+01
  -4.1163238525390625e+01
  -4.0884246826171875e+01
  -4.0603439331054688e+01
  -4.0318611145019531e+01
  -4.0044715881347656e+01
  -3.9762870788574219e+01
  -3.9484691619873047e+01
  -3.9204704284667969e+01
  -3.8915340423583984e+01
  -3.8641048431396484e+01
  -3.8361572265625000e+01
  -3.8084209442138672e+01
  -3.7804996490478516e+01
  -3.7523059844970703e+01
  -3.7242397308349609e+01
  -3.6963840484619141e+01
  -3.6680912017822266e+01
  -3.6401947021484375e+01
  -3.6125320434570312e+01
  -3.5843215942382812e+01
  -3.5565395355224609e+01
  -3.5277473449707031e+01
  -3.5006423950195312e+01
  -3.4722949981689453e+01
  -3.4443687438964844e+01
  -3.4163200378417969e+01
  -3.3883483886718750e+01
  -3.3601909637451172e+01
  -3.3322162628173828e+01
  -3.3040954589843750e+01
  -3.2765464782714844e+01
  -3.2481838226318359e+01
  -3.2203689575195312e+01
  -3.1923782348632812e+01
  -3.1641746520996094e+01
  -3.1362930297851562e+01
  -3.1084556579589844e+01
  -3.0802778244018555e+01
  -3.0522644042968750e+01
  -3.0236530303955078e+01
  -2.9963249206542969e+01
  -2.9682016372680664e+01
  -2.9405364990234375e+01
  -2.9120700836181641e+01
  -2.8844284057617188e+01
  -2.8561708450317383e+01
  -2.8283157348632812e+01
  -2.7999490737915039e+01
  -2.7724781036376953e+01
  -2.7443777084350586e+01
  -2.7160324096679688e+01
  -2.6881072998046875e+01
  -2.6603084564208984e+01
  -2.6321592330932617e+01
  -2.6041841506958008e+01
  -2.5755855560302734e+01
  -2.5484275817871094e+01
  -2.5203708648681641e+01
  -2.4921743392944336e+01
  -2.4641759872436523e+01
  -2.4362020492553711e+01
  -2.4081161499023438e+01
  -2.3798519134521484e+01
  -2.3525360107421875e+01
  -2.3244485855102539e+01
  -2.2963102340698242e+01
  -2.2683115005493164e+01
  -2.2403051376342773e+01
  -2.2117378234863281e+01
  -2.1844602584838867e+01
  -2.1563100814819336e+01
  -2.1281303405761719e+01
  -2.1003246307373047e+01
  -2.0723417282104492e+01
  -2.0435380935668945e+01
  -2.0164022445678711e+01
  -1.9881612777709961e+01
  -1.9595260620117188e+01
  -1.9322448730468750e+01
  -1.9042142868041992e+01
  -1.8763978958129883e+01
  -1.8483798980712891e+01
  -1.8202949523925781e+01
  -1.7921277999877930e+01
  -1.7643476486206055e+01
  -1.7356405258178711e+01
  -1.7083179473876953e+01
  -1.6802358627319336e+01
  -1.6517467498779297e+01
  -1.6241882324218750e+01
  -1.5961933135986328e+01
  -1.5684106826782227e+01
  -1.5401036262512207e+01
  -1.5122166633605957e+01
  -1.4841617584228516e+01
  -1.4563392639160156e+01
  -1.4282546997070312e+01
  -1.4001737594604492e+01
  -1.3724856376647949e+01
  -1.3443467140197754e+01
  -1.3164565086364746e+01
  -1.2883503913879395e+01
  -1.2604426383972168e+01
  -1.2323043823242188e+01
  -1.2044570922851562e+01
  -1.1764627456665039e+01
  -1.1484123229980469e+01
  -1.1203748703002930e+01
  -1.0923621177673340e+01
  -1.0643392562866211e+01
  -1.0364990234375000e+01
  -1.0083370208740234e+01
  -9.8045921325683594e+00
  -9.5225038528442383e+00
  -9.2438611984252930e+00
  -8.9553804397583008e+00
  -8.6821393966674805e+00
  -8.4016675949096680e+00
  -8.1229438781738281e+00
  -7.8435935974121094e+00
  -7.5636959075927734e+00
  -7.2833223342895508e+00
  -7.0016188621520996e+00
  -6.7245755195617676e+00
  -6.4424457550048828e+00
  -6.1569275856018066e+00
  -5.8847603797912598e+00
  -5.6032958030700684e+00
  -5.3249230384826660e+00
  -5.0360469818115234e+00
  -4.7640175819396973e+00
  -4.4844851493835449e+00
  -4.2035717964172363e+00
  -3.9176437854766846e+00
  -3.6442174911499023e+00
  -3.3622665405273438e+00
  -3.0844595432281494e+00
  -2.8007910251617432e+00
  -2.5233092308044434e+00
  -2.2371058464050293e+00
  -1.9633945226669312e+00
  -1.6849730014801025e+00
  -1.3986575603485107e+00
  -1.1211482286453247e+00
  -8.4309691190719604e-01
  -5.6152927875518799e-01
  -2.8209251165390015e-01
  -2.9156208038330078e-03
   2.8449109196662903e-01
   5.5574756860733032e-01
   8.3872562646865845e-01
   1.1161000728607178e+00
   1.3971259593963623e+00
   1.6763060092926025e+00
   1.9563866853713989e+00
   2.2373120784759521e+00
   2.5160393714904785e+00
   2.7970645427703857e+00
   3.0770170688629150e+00
   3.3560431003570557e+00
   3.6384258270263672e+00
   3.9161634445190430e+00
   4.1985244750976562e+00
   4.4757146835327148e+00
   4.7598910331726074e+00
   5.0447869300842285e+00
   5.3147945404052734e+00
   5.5942583084106445e+00
   5.8780803680419922e+00
   6.1586065292358398e+00
   6.4351711273193359e+00
   6.7249979972839355e+00
   6.9967875480651855e+00
   7.2765569686889648e+00
   7.5570454597473145e+00
   7.8340878486633301e+00
   8.1168651580810547e+00
   8.4000368118286133e+00
   8.6768913269042969e+00
   8.9558687210083008e+00
   9.2451124191284180e+00
   9.5184335708618164e+00
   9.7949190139770508e+00
   1.0076778411865234e+01
   1.0362884521484375e+01
   1.0634539604187012e+01
   1.0916408538818359e+01
   1.1195607185363770e+01
   1.1475099563598633e+01
   1.1763287544250488e+01
   1.2034586906433105e+01
   1.2322346687316895e+01
   1.2597699165344238e+01
   1.2878915786743164e+01
   1.3159762382507324e+01
   1.3436954498291016e+01
   1.3716577529907227e+01
   1.3998235702514648e+01
   1.4278340339660645e+01
   1.4562996864318848e+01
   1.4836794853210449e+01
   1.5117868423461914e+01
   1.5398953437805176e+01
   1.5675647735595703e+01
   1.5958060264587402e+01
   1.6235578536987305e+01
   1.6517251968383789e+01
   1.6796058654785156e+01
   1.7076789855957031e+01
   1.7357254028320312e+01
   1.7637870788574219e+01
   1.7915884017944336e+01
   1.8198223114013672e+01
   1.8478258132934570e+01
   1.8755886077880859e+01
   1.9037166595458984e+01
   1.9317279815673828e+01
   1.9598054885864258e+01
   1.9876220703125000e+01
   2.0157361984252930e+01
   2.0435754776000977e+01
   2.0714933395385742e+01
   2.0995721817016602e+01
   2.1283449172973633e+01
   2.1555225372314453e+01
   2.1837575912475586e+01
   2.2114685058593750e+01
   2.2397016525268555e+01
   2.2679721832275391e+01
   2.2956939697265625e+01
   2.3236587524414062e+01
   2.3516241073608398e+01
   2.3795425415039062e+01
   2.4074964523315430e+01
   2.4363487243652344e+01
   2.4638721466064453e+01
   2.4916881561279297e+01
   2.5204193115234375e+01
   2.5476074218750000e+01
   2.5759305953979492e+01
   2.6036590576171875e+01
   2.6316684722900391e+01
   2.6595514297485352e+01
   2.6876037597656250e+01
   2.7155483245849609e+01
   2.7434808731079102e+01
   2.7720441818237305e+01
   2.7996692657470703e+01
   2.8276704788208008e+01
   2.8557224273681641e+01
   2.8836923599243164e+01
   2.9117740631103516e+01
   2.9395956039428711e+01
   2.9675481796264648e+01
   2.9957292556762695e+01
   3.0238649368286133e+01
   3.0523666381835938e+01
   3.0797801971435547e+01
   3.1075757980346680e+01
   3.1357196807861328e+01
   3.1636116027832031e+01
   3.1918132781982422e+01
   3.2195354461669922e+01
   3.2478805541992188e+01
   3.2758728027343750e+01
   3.3038730621337891e+01
   3.3316822052001953e+01
   3.3597267150878906e+01
   3.3876846313476562e+01
   3.4156265258789062e+01
   3.4436897277832031e+01
   3.4716705322265625e+01
   3.4997238159179688e+01
   3.5281974792480469e+01
   3.5557262420654297e+01
   3.5836441040039062e+01
   3.6117076873779297e+01
   3.6398311614990234e+01
   3.6678291320800781e+01
   3.6957817077636719e+01
   3.7237873077392578e+01
   3.7514621734619141e+01
   3.7797191619873047e+01
   3.8075805664062500e+01
   3.8357334136962891e+01
   3.8635280609130859e+01
   3.8921958923339844e+01
   3.9196102142333984e+01
   3.9476760864257812e+01
   3.9755069732666016e+01
   4.0037105560302734e+01
   4.0323394775390625e+01
   4.0596038818359375e+01
   4.0878543853759766e+01
   4.1157733917236328e+01
   4.1442352294921875e+01
   4.1714897155761719e+01
   4.2004028320312500e+01
   4.2277378082275391e+01
   4.2556896209716797e+01
   4.2836326599121094e+01
   4.3118076324462891e+01
   4.3404243469238281e+01
   4.3677326202392578e+01
   4.3958263397216797e+01
   4.4236728668212891e+01
   4.4522567749023438e+01
   4.4798351287841797e+01
   4.5076011657714844e+01
   4.5357372283935547e+01
   4.5636520385742188e+01
   4.5918876647949219e+01
   4.6196231842041016e+01
   4.6476047515869141e+01
   4.6754684448242188e+01
   4.7039260864257812e+01
   4.7316501617431641e+01
   4.7597637176513672e+01
   4.7884098052978516e+01
   4.8158489227294922e+01
   4.8434814453125000e+01
   4.8715991973876953e+01
   4.8996158599853516e+01
   4.9275028228759766e+01
   4.9562774658203125e+01
   4.9838043212890625e+01
   5.0123340606689453e+01
   5.0396507263183594e+01
   5.0675060272216797e+01
   5.0954708099365234e+01
   5.1235820770263672e+01
   5.1514953613281250e+01
   5.1797981262207031e+01
   5.2078186035156250e+01
   5.2364452362060547e+01
   5.2636955261230469e+01
   5.2920211791992188e+01
   5.3201774597167969e+01
   5.3478767395019531e+01
   5.3754779815673828e+01
   5.4035854339599609e+01
   5.4317543029785156e+01
   5.4595855712890625e+01
   5.4878467559814453e+01
   5.5157894134521484e+01
   5.5436088562011719e+01
   5.5718177795410156e+01
   5.5998149871826172e+01
   5.6276134490966797e+01
   5.6555637359619141e+01
   5.6838901519775391e+01
   5.7122604370117188e+01
   5.7395240783691406e+01
   5.7678115844726562e+01
   5.7957668304443359e+01
   5.8236610412597656e+01
   5.8525112152099609e+01
   5.8795257568359375e+01
   5.9078449249267578e+01
   5.9359230041503906e+01
   5.9638732910156250e+01
   5.9916973114013672e+01
   6.0195323944091797e+01
   6.0484432220458984e+01
   6.0755611419677734e+01
   6.1037166595458984e+01
   6.1317283630371094e+01
   6.1603061676025391e+01
   6.1876007080078125e+01
   6.2156867980957031e+01
   6.2436660766601562e+01
   6.2723705291748047e+01
   6.2996578216552734e+01
   6.3282260894775391e+01
   6.3555912017822266e+01
   6.3838470458984375e+01
   6.4125495910644531e+01
   6.4395248413085938e+01
   6.4677749633789062e+01
   6.4963699340820312e+01
   6.5238372802734375e+01
   6.5517074584960938e+01
   6.5797607421875000e+01
   6.6075469970703125e+01
   6.6357803344726562e+01
   6.6635406494140625e+01
   6.6916419982910156e+01
   6.7198143005371094e+01
   6.7477264404296875e+01
   6.7757507324218750e+01
   6.8037239074707031e+01
   6.8316925048828125e+01
   6.8596923828125000e+01
   6.8883636474609375e+01
   6.9154747009277344e+01
   6.9438766479492188e+01
   6.9724273681640625e+01
   6.9996826171875000e+01
   7.0278244018554688e+01
   7.0555061340332031e+01
   7.0836524963378906e+01
   7.1123115539550781e+01
   7.1396347045898438e+01
   7.1678634643554688e+01
   7.1963073730468750e+01
   7.2236892700195312e+01
   7.2515365600585938e+01
   7.2796531677246094e+01
   7.3078918457031250e+01
   7.3356155395507812e+01
   7.3644538879394531e+01
   7.3915916442871094e+01
   7.4194885253906250e+01
   7.4475883483886719e+01
   7.4755371093750000e+01
   7.5038459777832031e+01
   7.5313835144042969e+01
   7.5594848632812500e+01
   7.5882560729980469e+01
   7.6156837463378906e+01
   7.6436141967773438e+01
   7.6715110778808594e+01
   7.6997093200683594e+01
   7.7275764465332031e+01
   7.7562370300292969e+01
   7.7836151123046875e+01
   7.8121429443359375e+01
   7.8397262573242188e+01
   7.8674758911132812e+01
   7.8958320617675781e+01
   7.9237464904785156e+01
   7.9515525817871094e+01
   7.9803039550781250e+01
   8.0079254150390625e+01
   8.0358001708984375e+01
   8.0635475158691406e+01
   8.0916130065917969e+01
   8.1196205139160156e+01
   8.1478294372558594e+01
   8.1756668090820312e+01
   8.2038047790527344e+01
   8.2325172424316406e+01
   8.2598648071289062e+01
   8.2877273559570312e+01
   8.3154975891113281e+01
   8.3435714721679688e+01
   8.3718299865722656e+01
   8.4002502441406250e+01
   8.4278465270996094e+01
   8.4556686401367188e+01
   8.4842094421386719e+01
   8.5117965698242188e+01
   8.5397827148437500e+01
   8.5676002502441406e+01
   8.5963356018066406e+01
   8.6236663818359375e+01
   8.6515380859375000e+01
   8.6797813415527344e+01
   8.7076713562011719e+01
   8.7356185913085938e+01
   8.7635719299316406e+01
   8.7915267944335938e+01
   8.8196647644042969e+01
   8.8478843688964844e+01
   8.8757324218750000e+01
   8.9037452697753906e+01
   8.9315910339355469e+01
   8.9596969604492188e+01
   8.9877334594726562e+01
   9.0156532287597656e+01
   9.0436073303222656e+01
   9.0721313476562500e+01
   9.0994987487792969e+01
   9.1279113769531250e+01
   9.1554161071777344e+01
   9.1838287353515625e+01
   9.2117904663085938e+01
   9.2398330688476562e+01
   9.2675216674804688e+01
   9.2962738037109375e+01
   9.3238586425781250e+01
   9.3516403198242188e+01
   9.3796012878417969e+01
   9.4076713562011719e+01
   9.4354522705078125e+01
   9.4642929077148438e+01
   9.4915443420410156e+01
   9.5196601867675781e+01
   9.5478843688964844e+01
   9.5756225585937500e+01
   9.6041862487792969e+01
   9.6318420410156250e+01
   9.6597557067871094e+01
   9.6883293151855469e+01
   9.7156127929687500e+01
   9.7437263488769531e+01
   9.7717231750488281e+01
   9.8003936767578125e+01
   9.8277305603027344e+01
   9.8557960510253906e+01
   9.8838050842285156e+01
   9.9114814758300781e+01
   9.9401710510253906e+01
   9.9678627014160156e+01
   9.9955848693847656e+01
   1.0023651123046875e+02
   1.0051803588867188e+02
   1.0079835510253906e+02
   1.0107778167724609e+02
   1.0135547637939453e+02
   1.0163529205322266e+02
   1.0191670227050781e+02
   1.0219794464111328e+02
   1.0247772216796875e+02
   1.0275466156005859e+02
   1.0304331207275391e+02
   1.0331483459472656e+02
   1.0359461975097656e+02
   1.0387680053710938e+02
   1.0415911865234375e+02
   1.0443763732910156e+02
   1.0471642303466797e+02
   1.0499504089355469e+02
   1.0527524566650391e+02
   1.0556201171875000e+02
   1.0583866119384766e+02
   1.0612335968017578e+02
   1.0639886474609375e+02
   1.0667549896240234e+02
   1.0695778656005859e+02
   1.0723522949218750e+02
   1.0751902008056641e+02
   1.0780234527587891e+02
   1.0807706451416016e+02
   1.0835768127441406e+02
   1.0863596343994141e+02
   1.0891913604736328e+02
   1.0919873809814453e+02
   1.0947756958007812e+02
   1.0975588989257812e+02
   1.1003661346435547e+02
   1.1031553649902344e+02
   1.1059780883789062e+02
   1.1087557220458984e+02
   1.1115735626220703e+02
   1.1143788146972656e+02
   1.1171939086914062e+02
   1.1199653625488281e+02
